1043
1045
1073
1083
1130
1164
1257
1263
1265
1271
1277
1278
1301
1308
1332
1382
1388
1418
1472
1475
1484
1506
1511
1514
1530
1564
1590
1594
1600
1656
1714
1751
1762
1811
1824
1835
1856
1942
2028
2078
2167
2173
2185
2189
2194
2204
2205
2257
2258
2264
2299
2309
2337
2366
2441
2443
2489
2525
2541
2644
2646
2648
2748
2756
2759
2796
2831
2836
3051
3105
3111
3114
3122
3165
3206
3230
3234
3263
3365
3377
3420
3432
3434
3452
3515
3579
3607
3693
3713
3734
3822
3851
3949
4019
4049
4050
4061
4074
4085
4146
4168
4183
4194
4195
4218
4241
4313
4344
4349
4412
4477
4500
4520
4546
4576
4584
4600
4611
4614
4666
4695
4740
4759
4856
4887
4933
4938
4991
5045
5052
5081
5111
5113
5126
5159
5166
5187
5250
5301
5395
5398
5414
5458
5508
5541
5545
5559
5608
5614
5646
5651
5729
5881
5936
5976
5977
6005
6025
6033
6040
6041
6044
6062
6065
6124
6140
6155
6217
6229
6242
6307
6385
6400
6411
6424
6428
6490
6522
6530
6531
6537
6540
6548
6557
6578
6598
6635
6643
6677
6713
6714
6716
6753
6770
6773
6790
6796
6896
6928
6938
6985
7007
7018
7121
7122
7133
7148
7185
7272
7278
7304
7321
7383
7422
7448
7463
7464
7479
7544
7548
7571
7572
7642
7663
7671
7672
7683
7720
7739
7748
7753
7851
7897
7980
8001
8028
8052
8065
8067
8083
8090
8093
8100
8127
8173
8188
8207
8210
8214
8244
8291
8296
8357
8381
8390
8404
8408
8428
8504
8511
8523
8534
8554
8651
8703
8743
8749
8750
8754
8760
8785
8806
8887
8934
8940
8950
8964
8981
9035
9082
9154
9179
9183
9206
9240
9256
9367
9382
9394
9434
9450
9482
9557
9559
9589
9612
9614
9678
9746
9749
9799
9856
9859
9879
9930
9943
9945
9958
9959
9964
9985
10020
10053
10087
10108
10110
10119
10132
10160
10166
10173
10174
10177
10221
10235
10242
10284
10356
10395
10399
10437
10482
10484
10501
10507
10508
10548
10554
10567
10597
10613
10665
10673
10726
10776
10779
10781
10785
10795
10799
10808
10810
10814
10816
10819
10850
10884
10895
10915
10946
10950
11034
11270
11278
11294
11344
11360
11384
11396
11427
11440
11462
11463
11496
11535
11543
11563
11612
11626
11669
11679
11685
11706
11711
11714
11729
11771
11815
11826
11830
11866
11878
11906
11975
11982
12042
12055
12058
12069
12097
12118
12128
12132
12161
12173
12209
12210
12221
12222
12223
12246
12251
12253
12263
12267
12306
12363
12410
12412
12422
12434
12435
12447
12450
12459
12474
12475
12479
12484
12508
12516
12529
12539
12562
12569
12603
12657
12669
12674
12679
12727
12731
12742
12785
12872
12879
12917
12919
12946
12955
12958
13003
13018
13080
13094
13099
13123
13139
13167
13169
13170
13179
13199
13233
13260
13277
13287
13296
13338
13348
13351
13366
13369
13396
13431
13432
13442
13450
13508
13513
13528
13530
13531
13546
13549
13557
13558
13569
13578
13616
13634
13641
13650
13682
13690
13712
13715
13730
13741
13842
13850
13873
13878
13888
13909
13910
13914
13932
13938
13945
13953
13961
13990
14000
14009
14038
14103
14254
14255
14260
14286
14296
14306
14314
14331
14336
14340
14380
14502
14520
14531
14536
14566
14618
14628
14633
14654
14793
14816
14848
14849
14885
14896
14973
14999
15173
15244
15256
15265
15274
15289
15294
15317
15343
15346
15415
15457
15466
15489
15490
15711
15712
15714
15761
15825
16273
16425
16429
16430
16440
16566
16797
16878
17088
17108
17221
17239
17273
17761
18482
18660
18697
18765
18894
19034
19398
19578
20280
20283
20734
20787
20967
21063
21158
21332
21428
21469
21580
21740
21791
22008
22057
22120
22139
22447
22969
22978
23044
23130
23146
23194
23469
23623
23769
23942
24048
24068
24187
24287
24293
24303
24361
24484
24544
24664
24668
24712
24721
24741
24743
24759
24844
24884
24931
24966
25053
25061
25079
25169
25202
25209
25215
25223
25227
25285
25291
25321
25353
25420
25624
25673
25681
25755
25767
25771
25851
25858
25872
25903
25932
25991
26019
26059
26060
26069
27755
27855
27869
27879
27924
27957
28119
28149
28248
28266
28362
28543
28564
28637
28676
28740
28760
28830
28852
28918
28933
28939
29008
29100
29139
29177
29276
29309
29320
29336
29341
29640
29690
29707
29729
29768
29803
29816
29873
29953
30023
30086
30093
30100
30149
30197
30198
30231
30340
30355
30397
30428
30442
30559
30598
30611
30676
30693
31010
31018
31038
31195
31375
31464
31479
31578
31618
31634
32855
60802
60892
61061
61094
61152
61356
61411
61481
61486
61673
61690
61988
62401
62465
62640
62655
62676
62761
62762
62829
62836
62870
63026
63056
63113
63377
63419
63441
63446
63465
63483
63493
63605
63690
63716
63874
64020
64051
64078
64154
64365
64483
64597
64816
64848
64850
64864
64957
64984
64985
65074
65092
65109
65123
65126
65135
65146
65196
65350
65376
65436
65482
65489
65703
65722
65737
65927
66029
66046
66139
66465
66596
66617
66680
66726
107636
107685
107916
108111
108191
108365
108391
108645
108836
108846
109640
110063
110100
110320
110442
110621
110772
111104
111631
112030
112045
112179
112492
113274
113491
114209
114415
114484
114611
115228
116592
118122
118533
118793
119696
120059
120595
120719
120893
121078
121315
121560
122075
122357
122514
123500
124316
125360
126954
127274
128764
129078
129631
132407
132701
133044
136648
137064
137430
137668
138210
138641
138924
140033
140042
140902
141218
141462
141467
142460
142909
143605
143629
143630
143631
144710
145186
145416
145979
146135
146137
146199
146313
147352
147391
147571
147661
148217
148253
148261
148362
148509
148791
149089
149237
149997
150200
157020
157076
157373
158764
160214
160780
160790
162221
162378
162448
162897
162956
163429
163595
163765
163772
163984
164109
164200
164616
165556
165734
166583
174490
174656
175315
175689
177838
178608
178951
183527
184040
184262
184569
184619
185429
185797
185980
186336
187200
194655
203944
260324
273726
294524
296944
297209
